True_Label	Predict_Label	Probability
0	0	0.023359472
0	0	0.03570745
0	1	0.69787574
1	1	0.99870735
0	0	0.16581109
0	0	0.017132608
0	1	0.6213673
0	0	0.070976146
0	0	0.0464624
1	1	0.7015441
0	0	0.0451258
0	0	0.013439871
0	1	0.8960517
0	0	0.023150453
0	0	0.0434311
1	1	0.9826423
0	0	0.011285809
0	0	0.0133898705
0	0	0.053410314
0	0	0.022815173
1	1	0.999662
0	0	0.011136314
0	0	0.012624206
1	1	0.79263854
0	0	0.39330462
0	0	0.49657348
1	0	0.1626921
1	1	0.93623656
1	1	0.98142165
0	1	0.5608431
0	0	0.013012311
1	0	0.1850859
0	0	0.015688023
0	0	0.14194572
0	0	0.09030452
0	0	0.34939316
0	0	0.01445
0	0	0.07918892
0	0	0.010661816
0	0	0.011190066
0	0	0.023256406
0	0	0.039519448
0	1	0.5147158
1	1	0.8911548
0	0	0.016879952
0	0	0.41492704
0	0	0.11872515
0	0	0.014952247
0	0	0.0260562
0	0	0.019052338
0	0	0.011941632
0	0	0.051060148
0	0	0.013435829
0	0	0.1720269
0	0	0.013283502
0	0	0.01351435
0	0	0.009990418
1	1	0.9310339
0	0	0.31958044
0	0	0.016270934
0	0	0.01878071
0	0	0.018555708
0	0	0.017268267
0	0	0.1081277
0	0	0.09526356
0	1	0.78521234
1	1	0.9982827
0	0	0.019792292
0	0	0.016999511
0	0	0.013871299
0	0	0.29986176
1	1	0.8950274
0	0	0.012357348
1	1	0.9990269
0	0	0.012739598
0	1	0.6699812
0	0	0.023210116
0	0	0.022321638
0	0	0.12830055
0	0	0.10143533
0	1	0.8832086
0	1	0.9744579
0	0	0.076499626
0	0	0.0145352725
0	0	0.018895041
0	0	0.009901689
1	1	0.9569685
0	1	0.63301307
0	1	0.8815341
1	1	0.97823685
0	0	0.014304405
0	0	0.028125497
0	0	0.019626992
0	0	0.2021824
0	1	0.61052924
1	1	0.9173032
0	0	0.0744982
1	1	0.99947745
0	0	0.03443468
0	0	0.36512747
1	1	0.9951008
0	0	0.018819984
0	0	0.031141024
0	0	0.036591865
0	0	0.26845822
0	0	0.40596834
0	0	0.016784973
0	0	0.0115228575
0	0	0.033934608
0	0	0.036854796
0	0	0.011609735
0	1	0.73318166
0	0	0.043845624
0	1	0.99761283
0	0	0.120724805
0	0	0.08002418
0	0	0.014796966
1	1	0.9101962
0	0	0.021757632
0	0	0.06892228
0	0	0.015097099
0	0	0.04098981
0	0	0.012899626
0	0	0.028073002
0	0	0.0718359
0	0	0.20607425
0	0	0.020122733
1	1	0.9152781
0	0	0.04927845
0	0	0.018428685
0	0	0.034735814
0	0	0.017695932
0	0	0.016126767
1	1	0.9981008
0	1	0.84603006
1	0	0.13400894
0	0	0.036315966
0	1	0.7466911
0	0	0.015741464
0	0	0.025967024
0	0	0.035335645
0	0	0.012697576
0	0	0.34159473
0	0	0.03230799
1	1	0.84662026
1	1	0.9994731
0	0	0.03785319
0	0	0.02215156
1	1	0.81234145
1	1	0.9996941
0	0	0.38999063
0	0	0.2708915
1	1	0.99882364
0	0	0.013900112
1	1	0.9919517
1	1	0.99891555
1	1	0.9921949
0	0	0.026898157
1	1	0.99960166
0	0	0.016037801
0	0	0.042842306
0	0	0.011011416
0	0	0.25505567
0	0	0.03695782
0	0	0.012057001
0	0	0.42240754
0	0	0.032285284
0	0	0.028555509
0	1	0.66667163
1	1	0.999009
0	1	0.81616735
0	0	0.015770141
0	0	0.048398916
1	1	0.99970305
0	0	0.017666576
0	0	0.015994921
1	1	0.9459772
0	0	0.1319727
0	0	0.026424292
0	0	0.32138935
0	1	0.88938075
1	1	0.96944785
0	0	0.04505062
0	0	0.10262791
0	0	0.016516183
0	0	0.010695176
0	0	0.03340904
0	0	0.1344864
0	0	0.05080804
0	0	0.011957498
1	1	0.999595
1	1	0.59529865
0	0	0.01744496
1	1	0.9995141
0	0	0.012104946
0	0	0.010843924
0	0	0.0151515715
0	0	0.4464171
0	0	0.44378433
0	0	0.020016326
0	1	0.956673
0	1	0.90875775
0	0	0.2604545
0	0	0.22566505
0	0	0.08398065
0	0	0.04002683
1	0	0.13001633
0	0	0.011365691
1	1	0.99741846
1	0	0.4434998
0	0	0.038142465
0	0	0.035627406
1	0	0.19150579
0	0	0.014294288
0	0	0.01885195
0	1	0.5077565
1	1	0.9965414
0	0	0.012045903
1	1	0.9992091
0	0	0.013680179
0	0	0.031429447
0	0	0.059958138
0	0	0.022301033
0	0	0.299509
1	1	0.99147296
0	0	0.040242866
0	0	0.11279973
1	0	0.41278464
1	1	0.82344705
0	0	0.017336337
0	1	0.74370694
0	0	0.46965405
0	0	0.12453663
0	0	0.055975858
0	0	0.23545058
0	0	0.03787294
0	0	0.3340764
1	1	0.7799571
0	0	0.017410394
1	1	0.63219047
1	1	0.981967
1	1	0.7532991
0	0	0.11089102
0	0	0.049823772
0	0	0.01313731
0	0	0.01596579
1	0	0.028368952
1	1	0.99970424
0	0	0.038088407
0	1	0.71972156
0	0	0.01546092
0	0	0.013120635
0	0	0.04638299
1	1	0.9788393
0	0	0.079905756
1	1	0.87999946
1	0	0.17837536
0	0	0.019304456
0	0	0.29191014
1	1	0.90713125
0	0	0.03484019
1	1	0.7961524
0	0	0.019176418
0	0	0.01447138
0	0	0.017058635
0	0	0.016835988
1	1	0.9718463
1	1	0.983901
1	1	0.89735645
0	0	0.03835615
1	1	0.5017998
0	1	0.54377246
0	0	0.066703066
0	0	0.41425598
0	0	0.029827472
0	0	0.047626663
1	1	0.8953279
0	0	0.014465983
1	1	0.998321
0	0	0.2634529
0	0	0.019332975
1	1	0.59823763
0	0	0.021617848
0	0	0.019386409
0	0	0.013718992
0	0	0.118971325
1	0	0.23305123
1	1	0.9979842
0	0	0.116240926
0	0	0.1790767
0	0	0.315242
0	0	0.018450074
0	0	0.053669658
0	0	0.26793668
0	0	0.025076881
0	0	0.0286484
0	0	0.25731492
0	0	0.025063876
1	1	0.997836
0	0	0.06186241
1	1	0.99948794
0	0	0.02132434
1	1	0.9931381
0	1	0.7404985
0	0	0.009376226
1	1	0.8937821
0	0	0.011233921
0	0	0.17932887
0	0	0.064228155
1	1	0.8315417
0	0	0.01756235
0	0	0.28065944
0	0	0.020567447
0	0	0.045478716
0	1	0.8815918
0	0	0.022135915
1	0	0.0106526045
1	1	0.9526261
0	0	0.062589824
1	1	0.87634057
1	1	0.98692054
0	0	0.026837604
1	1	0.6877764
0	0	0.08010707
0	0	0.010744745
0	0	0.014264307
1	1	0.9630642
1	1	0.9696549
0	0	0.03987138
0	0	0.021046609
1	1	0.9994091
0	0	0.020289052
1	1	0.999703
0	0	0.015124932
0	0	0.068062305
1	1	0.8961928
0	1	0.61453617
1	1	0.9988537
0	0	0.04155317
1	1	0.99974495
0	0	0.093027614
0	0	0.010795305
0	1	0.9460746
0	0	0.013340926
0	0	0.025755344
0	0	0.45990247
0	0	0.016642056
0	0	0.016871326
0	0	0.018974522
0	0	0.25562134
0	0	0.1074433
0	0	0.05810741
0	0	0.40378413
0	1	0.8450601
1	1	0.8403418
0	0	0.085214324
0	0	0.0155246295
0	0	0.041851997
0	0	0.20849702
0	0	0.012613788
1	1	0.99855494
0	0	0.27855793
0	0	0.021593865
0	0	0.023854854
0	0	0.08001561
0	0	0.059060313
0	0	0.013932203
0	0	0.034822717
0	0	0.012258077
1	0	0.23687468
0	0	0.18410473
1	1	0.97244835
0	0	0.3229625
0	0	0.042273156
0	1	0.5721774
0	0	0.050363284
0	0	0.030975115
1	1	0.98748285
1	1	0.9866971
0	0	0.07754071
0	0	0.040820856
0	0	0.01635787
0	0	0.013775513
0	0	0.16563077
0	0	0.045952555
0	1	0.50894326
0	0	0.031991415
0	0	0.01882088
0	0	0.011938789
0	0	0.012200994
0	0	0.014863797
0	0	0.045976188
1	1	0.9988168
0	1	0.5381928
0	0	0.011540411
0	0	0.1485458
0	0	0.01618933
0	0	0.016943159
0	0	0.16942538
1	1	0.91828
0	0	0.015422067
1	1	0.671945
0	0	0.016705994
0	0	0.078951895
0	0	0.011694891
0	0	0.18222281
0	0	0.01632117
1	1	0.99909997
0	0	0.034335915
0	0	0.017538026
1	1	0.9255977
0	0	0.038657572
0	0	0.1411408
0	0	0.027778618
1	0	0.26791838
0	0	0.29988223
0	1	0.60555387
0	0	0.022976324
0	0	0.043139163
0	0	0.011943429
0	0	0.014172908
0	0	0.015246972
0	0	0.026067609
0	0	0.046801534
0	0	0.028348945
0	0	0.017660564
0	1	0.5205595
1	1	0.9640531
0	0	0.1030121
0	0	0.11398581
0	0	0.020857273
0	0	0.41828242
0	0	0.08263235
0	0	0.076437175
1	0	0.017488329
0	0	0.011388815
0	0	0.02181209
1	1	0.99966687
1	1	0.7400427
0	0	0.013247115
1	1	0.8910624
1	1	0.92103255
0	0	0.013020062
0	0	0.44094676
0	1	0.8038732
0	0	0.014549536
0	0	0.007905281
1	1	0.9995893
1	1	0.999713
0	0	0.011709789
1	1	0.99934584
0	0	0.019438662
1	1	0.9988563
0	0	0.011319569
0	0	0.04957833
0	0	0.017157381
0	0	0.019450808
0	0	0.01174296
0	0	0.12991849
0	0	0.20386516
0	0	0.04286072
1	1	0.9990693
0	0	0.011135924
0	0	0.013381578
0	0	0.04985528
0	0	0.020161483
0	0	0.018520806
1	1	0.9986609
0	0	0.10142627
0	0	0.014723586
0	0	0.22420976
1	1	0.9961146
0	0	0.093810685
1	1	0.99774474
1	1	0.9291297
0	0	0.04110861
0	0	0.28256378
0	0	0.048747346
1	1	0.92045176
0	0	0.023412354
0	0	0.02793495
0	0	0.02943171
0	0	0.010953136
0	0	0.05124998
0	0	0.10340148
0	0	0.04666048
0	0	0.031872407
0	0	0.09645872
0	0	0.0137415
0	0	0.05045233
1	0	0.30749246
0	1	0.610991
0	0	0.023235366
0	0	0.08439994
0	0	0.21188056
1	1	0.77547944
0	0	0.015696032
0	0	0.1866327
0	0	0.021247447
0	0	0.026191244
0	1	0.65094644
1	1	0.9994955
1	1	0.9990764
0	0	0.03633339
0	0	0.012751414
0	0	0.027503759
1	1	0.99937624
0	0	0.0154669415
0	0	0.15065268
0	1	0.9152481
1	1	0.8972241
0	0	0.12714046
1	1	0.99005973
0	0	0.020235866
0	0	0.020133737
0	0	0.4890695
0	0	0.037043247
1	1	0.92378247
0	0	0.014015967
0	0	0.023004435
0	0	0.010846917
0	0	0.1086041
0	0	0.17761153
0	0	0.20203108
1	0	0.31065893
1	1	0.9608892
0	0	0.095104896
1	1	0.98723143
0	0	0.15488115
0	1	0.6465205
0	0	0.02445732
1	1	0.9990826
0	1	0.9592054
0	0	0.2538936
1	1	0.9388527
0	0	0.010871998
0	0	0.04249451
0	0	0.017959932
1	0	0.35739097
0	0	0.07905855
0	0	0.011999642
1	1	0.99745387
0	0	0.044413906
0	0	0.015142394
0	0	0.013668843
0	0	0.024277885
0	0	0.009150234
1	1	0.9946736
1	1	0.99960595
1	1	0.9755839
0	0	0.017457077
0	0	0.011578286
0	0	0.033151146
0	0	0.018311376
0	0	0.014191143
1	1	0.9938488
0	0	0.3490005
0	0	0.016129723
1	0	0.4524103
0	0	0.42056996
0	0	0.41736108
0	0	0.21825145
1	1	0.77529794
1	0	0.30974406
1	1	0.99675417
0	0	0.012145135
0	0	0.36258325
0	0	0.026199995
0	0	0.19136691
0	0	0.017733354
0	0	0.028730575
1	1	0.9992685
0	0	0.02961334
0	0	0.019428454
0	0	0.065910965
0	0	0.034291953
0	0	0.4585149
0	0	0.112675875
0	0	0.014445988
0	0	0.013801618
0	0	0.014879868
0	0	0.14243582
0	0	0.013649242
1	1	0.9427304
0	0	0.035465974
0	0	0.0928773
0	0	0.01310578
0	0	0.16423017
0	0	0.09185737
0	0	0.11353112
0	0	0.011847327
0	0	0.01716545
1	1	0.9300637
0	0	0.016325284
0	0	0.028611036
1	1	0.9996898
0	0	0.011772713
0	0	0.15963599
0	1	0.516209
0	0	0.081376374
1	1	0.9885249
0	0	0.014636995
0	0	0.021111129
0	0	0.22869578
1	1	0.98418486
0	0	0.47935742
0	0	0.108247995
1	1	0.9949224
0	0	0.012832855
1	1	0.84174925
0	1	0.9016158
0	0	0.05725237
1	1	0.77777284
1	1	0.9993849
0	0	0.013748384
1	0	0.083435714
0	0	0.014158234
0	0	0.01457263
1	1	0.99958575
0	1	0.9305089
0	0	0.01593656
0	0	0.025969
0	0	0.010446927
0	0	0.014149725
0	0	0.02975174
0	0	0.23372912
1	1	0.51226985
0	0	0.044336822
0	0	0.028961238
0	0	0.033002988
0	0	0.0097769275
0	0	0.028619997
0	0	0.065689236
0	0	0.104172535
1	0	0.066790275
0	0	0.14323197
0	0	0.044050153
0	0	0.031211378
1	1	0.99974805
0	0	0.11472071
1	0	0.2861508
0	0	0.016737726
1	1	0.97832537
0	0	0.017850466
0	0	0.13066153
1	1	0.5596419
0	0	0.027302194
1	1	0.6434011
0	0	0.12814288
1	1	0.9995682
0	0	0.023810795
1	1	0.96978503
0	0	0.015360075
0	0	0.024370676
1	0	0.39043236
1	0	0.23024735
0	0	0.016109232
0	0	0.023339495
1	1	0.9568656
1	1	0.96376824
1	1	0.7768868
0	0	0.10941672
0	0	0.4417106
1	1	0.85041577
0	0	0.39791003
0	0	0.060904216
0	0	0.033534404
1	1	0.99950635
0	0	0.016246554
0	0	0.16909386
1	1	0.99954396
0	0	0.016389135
0	0	0.014092371
0	0	0.045587316
0	0	0.012889306
0	0	0.015602859
0	0	0.057055846
0	1	0.5155525
0	0	0.094867244
0	0	0.016969793
0	0	0.012770697
0	0	0.015245289
0	1	0.6489511
0	0	0.0125603415
0	0	0.01746931
1	0	0.13809954
0	0	0.016563823
0	0	0.115242496
0	0	0.019923743
0	0	0.015534142
0	0	0.01256956
1	1	0.5521694
1	0	0.25554472
0	0	0.011540496
0	0	0.03981625
0	0	0.48000252
1	1	0.90826297
0	0	0.015591518
0	0	0.13511214
0	0	0.04844114
0	0	0.019866567
0	0	0.021589996
0	0	0.013817526
0	0	0.014234549
1	1	0.99958014
0	0	0.15251733
0	0	0.03278239
1	0	0.23272443
0	0	0.012382057
0	0	0.0490177
0	0	0.039155845
0	0	0.009962806
1	1	0.9825788
1	1	0.82818484
0	0	0.017660785
1	1	0.8616919
0	0	0.06520867
0	0	0.0133158015
0	0	0.19841039
0	0	0.01263535
0	0	0.011400042
0	0	0.026214818
0	0	0.009256729
1	1	0.71488756
0	0	0.020352481
0	0	0.022411453
1	0	0.011391433
0	0	0.015092535
1	1	0.9799533
0	0	0.24060434
0	0	0.014258625
0	0	0.09974773
0	0	0.016865911
0	0	0.02807366
1	1	0.562466
0	1	0.94998974
0	1	0.6484852
1	1	0.64722204
0	0	0.03715576
1	1	0.964124
0	0	0.01685436
0	0	0.013305186
0	0	0.010652005
1	1	0.96415097
0	0	0.011541513
1	1	0.9958911
1	1	0.99966663
0	0	0.014740465
0	0	0.013448611
0	1	0.63561404
0	0	0.01084533
0	0	0.033706903
0	0	0.031651966
0	0	0.02907175
0	0	0.013949928
0	0	0.018427717
0	0	0.27356216
0	0	0.014050013
0	0	0.018125104
0	0	0.0145927565
0	0	0.017824423
0	0	0.054213524
0	1	0.7941363
1	1	0.9746469
1	1	0.9995191
0	0	0.02565
1	0	0.31540555
1	0	0.41127715
0	0	0.041662306
0	0	0.017103856
0	0	0.34834978
0	0	0.3473898
1	1	0.999554
1	0	0.024507545
0	0	0.014457099
1	1	0.9870003
0	0	0.01487392
0	0	0.12773237
0	0	0.07584311
0	0	0.024652256
0	0	0.017312633
1	1	0.9990556
0	0	0.13004169
0	0	0.2606394
0	0	0.07910174
0	0	0.1618856
0	0	0.16389379
1	1	0.7380605
0	0	0.0131065715
0	1	0.6166545
0	0	0.45470548
0	0	0.31723467
0	0	0.019026427
0	0	0.2840435
0	0	0.062045373
0	0	0.012824493
0	0	0.013790461
0	0	0.0706286
1	1	0.96411234
1	1	0.91916275
0	1	0.5373523
0	1	0.9695139
0	0	0.032172237
0	0	0.011141783
1	1	0.9116682
1	1	0.9505127
1	1	0.9847047
1	1	0.7012202
0	0	0.45988417
0	0	0.05530443
0	0	0.23239641
0	0	0.122432396
1	1	0.69081485
0	1	0.7695435
0	0	0.25812787
0	0	0.05136922
0	0	0.025479775
0	0	0.017170874
0	0	0.19855636
1	1	0.99922216
0	0	0.07951286
0	0	0.013875086
0	0	0.045006998
0	0	0.012094547
0	0	0.039244685
0	0	0.022055924
0	0	0.01658074
0	0	0.008865108
1	1	0.51775205
1	0	0.0067253252
1	1	0.98551977
0	0	0.10668442
1	1	0.9994644
0	0	0.0127664795
1	0	0.49017057
0	1	0.82531935
0	0	0.019940738
0	0	0.009640308
0	0	0.02425699
1	0	0.366624
0	0	0.05384936
1	1	0.99942195
0	0	0.01495301
0	0	0.028599404
0	0	0.28949508
0	0	0.25431812
0	0	0.020803675
1	1	0.9078758
0	1	0.923813
0	0	0.030402308
1	1	0.9996566
0	0	0.010139319
0	0	0.19600299
1	1	0.97221076
0	0	0.013999637
0	0	0.18874778
0	0	0.26692167
0	0	0.11350546
1	1	0.96392804
0	0	0.01614084
0	1	0.6164975
0	1	0.5768
0	1	0.6354521
0	0	0.043355066
1	1	0.9835762
0	0	0.013779971
0	1	0.79445153
0	0	0.013991591
0	0	0.0129134245
0	1	0.6894934
0	0	0.011858263
0	0	0.16166976
0	1	0.8777069
0	0	0.40519384
0	0	0.18798286
0	0	0.13161775
1	1	0.9949429
0	0	0.010587006
0	0	0.011074814
0	0	0.013355567
1	0	0.20078208
1	1	0.92325217
0	0	0.0829784
0	1	0.54435074
0	0	0.014463069
0	0	0.049943738
0	0	0.011143045
0	0	0.34313473
0	0	0.19611529
1	1	0.9994668
0	0	0.011935578
0	1	0.712594
0	0	0.01177241
0	0	0.029328506
0	0	0.015786456
0	0	0.016957887
0	0	0.017730534
1	1	0.5552242
1	1	0.99690783
0	0	0.10576189
0	0	0.019251449
0	0	0.30684185
0	0	0.021027504
1	1	0.9957453
0	1	0.7787397
1	1	0.79083437
0	0	0.04964029
0	0	0.01346172
0	0	0.35060978
1	1	0.99546593
0	0	0.059262816
1	1	0.90305805
1	0	0.2225012
1	1	0.9969566
0	1	0.7316692
0	0	0.0074777175
0	0	0.03353901
1	0	0.18411735
0	0	0.029051622
0	0	0.01131622
0	0	0.012942169
0	0	0.009979865
0	0	0.4269048
1	1	0.9976598
0	0	0.3593533
0	0	0.030517515
0	0	0.048446655
0	0	0.031752784
0	0	0.024147937
0	0	0.013322535
0	0	0.027099904
0	1	0.8623307
0	0	0.010974824
0	0	0.055977516
0	0	0.023822716
1	0	0.18328096
0	0	0.40895572
1	0	0.14699525
0	0	0.022250544
1	1	0.9362102
0	0	0.11782855
0	0	0.068944745
1	0	0.20997462
1	1	0.9969957
0	1	0.5278281
0	0	0.014649774
0	0	0.22235125
0	0	0.10490386
0	0	0.021124797
1	0	0.3282097
0	0	0.055414334
0	0	0.014533843
1	1	0.9916613
0	0	0.05392146
0	0	0.029265203
0	0	0.01215639
0	0	0.08466837
0	0	0.022623692
1	1	0.9924021
1	1	0.99965197
0	0	0.22365165
0	0	0.017637445
0	0	0.015178267
0	0	0.01736932
0	1	0.76735026
0	0	0.26267463
1	1	0.97070867
0	0	0.12216527
0	0	0.42635298
0	0	0.34649283
0	0	0.028118698
0	0	0.029689584
0	0	0.017351046
